  2.089514523078164E-006
  1.942874992723593E-006
  1.788619909626295E-006
  1.628423538633761E-006
  1.464414340338026E-006
  1.298783042721155E-006
  1.134407009843566E-006
  9.740579041430375E-007
  8.207068054876067E-007
  6.771780842108803E-007
  5.459700395721022E-007
  4.290837767347510E-007
  3.278268300464408E-007
  2.427575739030571E-007
  1.736057253529526E-007
  3.067422234535817E-006
  2.835179358593803E-006
  2.592598194518071E-006
  2.342650912903818E-006
  2.088976977518191E-006
  1.835273375795757E-006
  1.586190884947289E-006
  1.346099477349450E-006
  1.119511529242475E-006
  9.105146934450194E-007
  7.225159218449576E-007
  5.579781813327134E-007
  4.181706163814574E-007
  3.031934880950765E-007
  2.118691763933996E-007
  4.684811699662317E-006
  4.350864353830864E-006
  4.000610413519835E-006
  3.637135830395600E-006
  3.265292436927788E-006
  2.890839483451276E-006
  2.519545553841617E-006
  2.158416931419235E-006
  1.813878103922927E-006
  1.492347083803175E-006
  1.199376268292165E-006
  9.393247111520869E-007
  7.150043083557336E-007
  5.273797061646902E-007
  3.758161338469778E-007
  2.576454956269052E-007
  5.262217210794852E-006
  4.867054313674333E-006
  4.455460853895394E-006
  4.031429062495435E-006
  3.600951410440967E-006
  3.170896121441943E-006
  2.748006988948525E-006
  2.340200523159091E-006
  1.954525758715807E-006
  1.597807400380461E-006
  1.275681335463469E-006
  9.923331611925710E-007
  7.501588766342780E-007
  5.495234564142296E-007
  3.889355398892197E-007
  2.641067007283799E-007
  6.008077125438207E-006
  5.615675809177957E-006
  5.199507413131329E-006
  4.764356477278762E-006
  4.314351421575223E-006
  3.855816796792138E-006
  3.396155594530206E-006
  2.942739919705143E-006
  2.504349921736949E-006
  2.088927850399290E-006
  1.704236825775395E-006
  1.356777279912245E-006
  1.051410537107191E-006
  7.909200236483159E-007
  5.757372542611091E-007
  4.042483771408664E-007
  2.727384606772025E-007
  9.754065535137777E-006
  9.066401946373010E-006
  8.341875989329204E-006
  7.589854639175407E-006
  6.818443162793805E-006
  6.039467326832071E-006
  5.266319203627013E-006
  4.512101334636031E-006
  3.791788915137236E-006
  3.118473876677847E-006
  2.504356939286075E-006
  1.958897748005776E-006
  1.488358296052516E-006
  1.095163508756587E-006
  7.776935644913919E-007
  5.312645270477750E-007
  3.478822659532687E-007
  1.131464590335150E-005
  1.048404412727854E-005
  9.612797331685557E-006
  8.712862321002270E-006
  7.794506553605977E-006
  6.872332841766487E-006
  5.962521614492121E-006
  5.080692617322574E-006
  4.244265152740542E-006
  3.468112504163502E-006
  2.765697556907014E-006
  2.146934140195600E-006
  1.617834104526574E-006
  1.179861978979331E-006
  8.298785144637790E-007
  5.612283282648832E-007
  3.626398242684380E-007
  2.066401352460410E-005
  1.922460479133859E-005
  1.770925064036805E-005
  1.612939673381946E-005
  1.450880007469893E-005
  1.286788012477991E-005
  1.123466812778947E-005
  9.639367764559237E-006
  8.110624173512521E-006
  6.679111165757604E-006
  5.369987281213628E-006
  4.204654395475313E-006
  3.196993297784894E-006
  2.353267287573236E-006
  1.671141038581824E-006
  1.140237096430908E-006
  7.456801765083287E-007
  4.693219476629521E-007
  2.610306092964848E-005
  2.419426781407252E-005
  2.219421775997954E-005
  2.011959664185688E-005
  1.800346724759903E-005
  1.587401024051894E-005
  1.376899168774335E-005
  1.172815433816489E-005
  9.788575397707097E-006
  7.988729086987363E-006
  6.359066103269129E-006
  4.924185759018991E-006
  3.698166304650924E-006
  2.685033881705873E-006
  1.877791349410186E-006
  1.259744402589986E-006
  8.100038725242586E-007
  5.005370339724001E-007
  3.622267550114420E-005
  3.337654031960518E-005
  3.041635699316877E-005
  2.737019789228623E-005
  2.429059887806298E-005
  2.122160719365400E-005
  1.822028396909859E-005
  1.534446559479587E-005
  1.264662652075276E-005
  1.017843177802293E-005
  7.978125858573919E-006
  6.073572442518793E-006
  4.476131829496557E-006
  3.182738722115773E-006
  2.175250976505644E-006
  1.424104987741156E-006
  8.961775238189706E-007
  5.334912309797026E-007
  1.768640968183440E-007
  1.710608527639416E-007
  1.621322603200299E-007
  1.503335387565705E-007
  2.736058938981366E-007
  2.666442264107643E-007
  2.546739531138706E-007
  2.381171054299425E-007
  2.175735908701237E-007
  3.988580071423085E-007
  3.849200962317908E-007
  3.637867566830081E-007
  3.363693536808406E-007
  3.035939790020174E-007
  4.526898853506459E-007
  4.332329455262819E-007
  4.060536510641060E-007
  3.722551774148480E-007
  3.328882209721368E-007
  4.967581801518805E-007
  4.858510112075665E-007
  4.658682110903266E-007
  4.371294556160121E-007
  4.009342468324855E-007
  3.588743066120562E-007
  8.317164414101147E-007
  8.039433033678271E-007
  7.610374713454631E-007
  7.041754177278458E-007
  6.362693081286114E-007
  5.603877292053149E-007
  9.966829790525464E-007
  9.760583758388669E-007
  9.372991553872607E-007
  8.812311139461775E-007
  8.096324336820473E-007
  7.260881007131259E-007
  6.341749514917381E-007
  1.758055826247909E-006
  1.703117494619894E-006
  1.615795531977665E-006
  1.498799745553974E-006
  1.356665449301269E-006
  1.197637685944980E-006
  1.029722033852955E-006
  2.258743767618388E-006
  2.171008717804524E-006
  2.042287142173609E-006
  1.877266230858611E-006
  1.682903892312692E-006
  1.470853637658696E-006
  1.249355935909803E-006
  3.304425365261346E-006
  3.204234117148966E-006
  3.042227790741655E-006
  2.824402368445238E-006
  2.560053073672435E-006
  2.261618199944862E-006
  1.946171092627344E-006
  1.618989534026228E-006
  5.437824103979031E-005
  4.954885434412318E-005
  4.397173216993281E-005
  3.793010319678222E-005
  3.171740147769750E-005
  2.565818765417234E-005
  1.006286860056746E-004
  9.133501189967574E-005
  8.071027644464512E-005
  6.929888135215985E-005
  5.765739059048343E-005
  4.638860824404903E-005
  1.552903679518558E-004
  1.406616851885957E-004
  1.240219000416977E-004
  1.062276833613335E-004
  8.814762505976856E-005
  7.071444710836138E-005
  1.706391925842382E-004
  1.544742236473116E-004
  1.361131894726458E-004
  1.165025618333140E-004
  9.659980593838070E-005
  7.743044739724993E-005
  1.748251390029423E-005
  1.604606330521497E-005
  1.435079261785440E-005
  1.247491895993486E-005
  1.051465522475996E-005
  8.576545649268062E-006
  6.746148797699701E-006
  5.102449247417459E-006
  7.298012462951067E-005
  6.656138055149555E-005
  5.912256920071455E-005
  5.101484558180877E-005
  4.265979032962595E-005
  3.449678598540848E-005
  2.688705028025101E-005
  2.012572690730068E-005
  1.766681419912140E-004
  1.605976391634587E-004
  1.421391021215543E-004
  1.221711246206882E-004
  1.017346162888225E-004
  8.189309772037778E-005
  6.351984953371502E-005
  4.726944337790963E-005
  2.193448615348626E-004
  1.992429986413168E-004
  1.761992979543555E-004
  1.513125146443231E-004
  1.258804218158037E-004
  1.012239029759237E-004
  7.842625847728645E-005
  5.828227191414399E-005
  2.918859055500141E-006
  2.624457016416339E-006
  2.294314487966514E-006
  1.945524016920531E-006
  1.597326403834111E-006
  1.263981955272943E-006
  9.642686342719918E-007
  7.025647580155152E-007
  4.663594099231758E-007
  1.442291539666242E-005
  1.309237539386103E-005
  1.156523996643259E-005
  9.920178051593839E-006
  8.241738323609383E-006
  6.611705888353258E-006
  5.115254759536029E-006
  3.788735528023524E-006
  2.608195337421034E-006
  1.151134138375139E-004
  1.040514156063169E-004
  9.148581216371918E-005
  7.807882814991454E-005
  6.451050152263793E-005
  5.145052997897551E-005
  3.952934712703601E-005
  2.906255953458455E-005
  1.956137495713125E-005
  1.851774161081224E-004
  1.671829238930590E-004
  1.468031754269279E-004
  1.251118909326604E-004
  1.032162348661578E-004
  8.218231350167513E-005
  6.302994213050695E-005
  4.624145090042485E-005
  3.099274808339247E-005
  7.662844456376564E-006
  6.939147268262571E-006
  6.113921117948432E-006
  5.228487185834961E-006
  4.330004350185037E-006
  3.462659495321581E-006
  2.665253665606604E-006
  1.966400898922853E-006
  1.328248761752851E-006
  9.846168377028483E-007
  1.087581753821908E-005
  9.845879125576759E-006
  8.672404258028146E-006
  7.414119998253697E-006
  6.137767437587777E-006
  4.906710358898630E-006
  3.775045466374498E-006
  2.783643328816738E-006
  1.876881503368644E-006
  1.397910129944676E-006
  5.933658815696552E-005
  5.391057640324090E-005
  4.766961168001848E-005
  4.092371910353155E-005
  3.403554302307398E-005
  2.733833754572693E-005
  2.115075077583848E-005
  1.570331360342772E-005
  1.079557582257109E-005
  7.681962900739328E-006
  1.673499807398533E-004
  1.517454935588117E-004
  1.338919691406928E-004
  1.146795052506490E-004
  9.513418636266388E-005
  7.621441158829529E-005
  5.878418288372350E-005
  4.347927616115901E-005
  2.957536850572503E-005
  2.157068609907268E-005
  7.631868149799152E-006
  6.972741809618605E-006
  6.204457628007720E-006
  5.363724197974159E-006
  4.491437408746945E-006
  3.637234203408160E-006
  2.836217641884043E-006
  2.126133436239914E-006
  1.506558452605019E-006
  1.009001084972494E-006
  8.115626981048006E-007
  1.083591127158207E-005
  9.902041160349756E-006
  8.812973835628138E-006
  7.620554940171142E-006
  6.382835403498406E-006
  5.170446369466058E-006
  4.032953224154312E-006
  3.024119585931044E-006
  2.144728188779651E-006
  1.433894546778869E-006
  1.155226101975300E-006
  2.057094243233527E-005
  1.882546226815505E-005
  1.678205991395634E-005
  1.453600908899332E-005
  1.219796794099001E-005
  9.901606559369220E-006
  7.740893295619643E-006
  5.816675757358222E-006
  4.148098432216944E-006
  2.746251668846977E-006
  2.230853110503943E-006
  1.085280804441991E-004
  9.924293098134743E-005
  8.839554408876270E-005
  7.649730164490596E-005
  6.412822907121689E-005
  5.199973929750342E-005
  4.060131726216038E-005
  3.047600660932433E-005
  2.167579517750818E-005
  1.441252497331175E-005
  1.166880628447249E-005
  4.840678938873379E-002
  3.830065600774850E-002
  2.934160849586998E-002
  2.165835160967555E-002
  1.531053305863270E-002
  1.028146835823201E-002
  6.488005199415349E-003
  3.782987830144453E-003
  5.175647259287063E-002
  4.103621301527836E-002
  3.150107830633105E-002
  2.329788071373750E-002
  1.649635705933725E-002
  1.109234513696765E-002
  7.000423331907433E-003
  4.074320306899451E-003
  2.123191819953263E-003
  9.438831127322557E-004
  4.449938621526137E-002
  3.501499383689526E-002
  2.664455359972042E-002
  1.949975083718992E-002
  1.363511382432782E-002
  9.025395365888268E-003
  5.581096742526700E-003
  3.160287135200696E-003
  1.578198156409416E-003
  6.585185952312891E-004
  4.202436801453180E-004
  5.734364084388563E-002
  4.536236697668750E-002
  3.472333878030703E-002
  2.559259669578452E-002
  1.804106454819629E-002
  1.205962770092408E-002
  7.547285151953324E-003
  4.338837388916776E-003
  2.215322516380592E-003
  9.522126758359703E-004
  5.223382549512848E-004
 -3.832449751860122E-005
  7.124454671519755E-002
  5.686363236234965E-002
  4.397845423254687E-002
  3.279781688038594E-002
  2.344535307308450E-002
  1.592785091026006E-002
  1.018373395528192E-002
  6.010117603927989E-003
  3.200724915884610E-003
  1.439500951633744E-003
  5.660498437647825E-004
  3.303916815589776E-004
 -6.253256301947741E-004
