  4.210695879180867E-006
  3.399655685569776E-006
  2.744037006522198E-006
  2.226493249798656E-006
  1.816250919141072E-006
  1.492893698569572E-006
  1.230403907773607E-006
  1.012485432814624E-006
  8.285875001164482E-007
  6.691240773383370E-007
  5.320200757978023E-007
  4.148759780380077E-007
  3.147383698741709E-007
  2.330885694667989E-007
  1.670137248843096E-007
  5.591932672528519E-006
  4.523235979629548E-006
  3.667977580293502E-006
  2.995400056057538E-006
  2.457829135975861E-006
  2.028228823598660E-006
  1.672285847121343E-006
  1.371414147512742E-006
  1.114777633736500E-006
  8.912914063753935E-007
  6.999563144897408E-007
  5.380202434128308E-007
  4.011579768917215E-007
  2.915042831075049E-007
  2.043954927680642E-007
  9.095106367629133E-006
  7.355097752873714E-006
  5.963905792564589E-006
  4.855589708527371E-006
  3.983677234784536E-006
  3.280090451221004E-006
  2.711170246132872E-006
  2.232689188992090E-006
  1.823629019072200E-006
  1.472911120139313E-006
  1.167285160666518E-006
  9.070145290292724E-007
  6.886976364253418E-007
  5.060206418274608E-007
  3.619397911614991E-007
  2.492420333094613E-007
  9.791433915790800E-006
  7.927152418600572E-006
  6.437983767938828E-006
  5.248991456559035E-006
  4.310428277292715E-006
  3.548033313726332E-006
  2.928566087110806E-006
  2.405066405788017E-006
  1.956716712139879E-006
  1.572964035642935E-006
  1.239638427000108E-006
  9.574724319005032E-007
  7.225203464498841E-007
  5.273409111402582E-007
  3.747916381630635E-007
  2.557023289077264E-007
  1.264986744663458E-005
  1.028021210293297E-005
  8.323887236443646E-006
  6.772133725609003E-006
  5.537878716287229E-006
  4.563159741309312E-006
  3.767550518094891E-006
  3.116321383675140E-006
  2.561719849748589E-006
  2.083869543636651E-006
  1.673350949687798E-006
  1.316205984620527E-006
  1.013739954067535E-006
  7.619310570309877E-007
  5.529452827180201E-007
  3.900673318355681E-007
  2.644889649120794E-007
  1.845116519903779E-005
  1.500250004560994E-005
  1.218692445903706E-005
  9.973766269766426E-006
  8.209569473371312E-006
  6.802829367702889E-006
  5.630799344963716E-006
  4.653880480014815E-006
  3.807445703647195E-006
  3.071479112692837E-006
  2.439067283515380E-006
  1.891327306415379E-006
  1.432441100753447E-006
  1.055956884689069E-006
  7.483902528717692E-007
  5.145238729738899E-007
  3.389919686996439E-007
  2.048290973057471E-005
  1.667837311286117E-005
  1.357484322198787E-005
  1.113586082700148E-005
  9.183367673053084E-006
  7.617373582744761E-006
  6.301408433109276E-006
  5.198466329821467E-006
  4.238792525494942E-006
  3.403768555698533E-006
  2.688138763352693E-006
  2.070761153541351E-006
  1.556802796328097E-006
  1.138377789544490E-006
  7.992484148853477E-007
  5.442548117802032E-007
  3.539393007735852E-007
  3.855345032364788E-005
  3.132160728634561E-005
  2.562498428825264E-005
  2.099879299228619E-005
  1.736229819544268E-005
  1.440932586089842E-005
  1.199480111929473E-005
  9.914553392005686E-006
  8.142760412518350E-006
  6.584025690042934E-006
  5.225442599681695E-006
  4.068350829312393E-006
  3.078929327718118E-006
  2.266913274722431E-006
  1.617845279475276E-006
  1.102116337705198E-006
  7.267374843996697E-007
  4.607388158568306E-007
  4.576907167780156E-005
  3.726106748849524E-005
  3.060514562669744E-005
  2.518093946068432E-005
  2.089519073985784E-005
  1.737453227729838E-005
  1.446299128754601E-005
  1.192451144700624E-005
  9.751429000109019E-006
  7.835517441675787E-006
  6.169603313073951E-006
  4.759467392835447E-006
  3.562118467323108E-006
  2.589468506373942E-006
  1.821791341846591E-006
  1.219891401422697E-006
  7.913696073674121E-007
  4.927420649828684E-007
  5.827528050134827E-005
  4.767358857330747E-005
  3.942204996173174E-005
  3.261707509771283E-005
  2.717284724912300E-005
  2.261377308739553E-005
  1.878486013590234E-005
  1.540041143153359E-005
  1.249454795639761E-005
  9.934498839209642E-006
  7.722514691165381E-006
  5.870851557945631E-006
  4.317381972340101E-006
  3.076751855159373E-006
  2.117813279081618E-006
  1.382670862900563E-006
  8.784319664534977E-007
  5.270319617239129E-007
  3.137799100533625E-007
  2.625004984917970E-007
  2.222252254548589E-007
  1.884604294239164E-007
  5.100310936166699E-007
  4.280883857929968E-007
  3.604162541414013E-007
  3.062856446566113E-007
  2.598062751282370E-007
  6.819403994682411E-007
  5.758721944634047E-007
  4.866562627453486E-007
  4.142351366969182E-007
  3.508228080978263E-007
  7.421186280080107E-007
  6.275926707478239E-007
  5.302185442696149E-007
  4.504569808012488E-007
  3.799629071355119E-007
  9.332026596184657E-007
  7.839629491943965E-007
  6.651304772671120E-007
  5.634892159244990E-007
  4.799121070473121E-007
  4.059762025083178E-007
  1.391318663017779E-006
  1.179005451142045E-006
  1.006759460472300E-006
  8.550775679687848E-007
  7.278310038240715E-007
  6.130100106948282E-007
  1.858423030477098E-006
  1.562674051316195E-006
  1.327622364973394E-006
  1.135059944038348E-006
  9.635172534463789E-007
  8.184261864757436E-007
  6.865061818378943E-007
  2.909434080953847E-006
  2.470148596281848E-006
  2.113903295179764E-006
  1.814501675049369E-006
  1.539734087541812E-006
  1.303449583524072E-006
  1.086897191229040E-006
  3.515767945659241E-006
  2.997833299585074E-006
  2.571748348654362E-006
  2.208203913849660E-006
  1.869735619440426E-006
  1.576598867557290E-006
  1.304984922091019E-006
  5.378869792800795E-006
  4.607023005314456E-006
  3.947102961703464E-006
  3.391902930541831E-006
  2.908108893289847E-006
  2.450226061076314E-006
  2.049923548656067E-006
  1.671686672218096E-006
  6.176610241633821E-005
  5.339730083013403E-005
  4.550286067793237E-005
  3.831713324302502E-005
  3.142757755842337E-005
  2.518846532304100E-005
  1.131583397479271E-004
  9.769800163778078E-005
  8.306231293287453E-005
  6.975295118773226E-005
  5.701953292200836E-005
  4.551128198491361E-005
  1.737277470073600E-004
  1.498842578181909E-004
  1.272742910985042E-004
  1.067250679313157E-004
  8.708664407259434E-005
  6.935637857464225E-005
  1.906217718284753E-004
  1.644243398762910E-004
  1.395712661219957E-004
  1.169875035981715E-004
  9.541144677381739E-005
  7.593756280490205E-005
  1.984521347688828E-005
  1.726133713764083E-005
  1.487989582706491E-005
  1.257564430609471E-005
  1.039249779594499E-005
  8.447481932111249E-006
  6.618687373084766E-006
  5.009128459473770E-006
  8.155869000359783E-005
  7.077216525259615E-005
  6.079221483106446E-005
  5.115846393819311E-005
  4.206401812211121E-005
  3.396872089285205E-005
  2.639554841606032E-005
  1.977723948131099E-005
  1.959010502850729E-004
  1.697644014543669E-004
  1.455507051520355E-004
  1.222076743818218E-004
  1.002061857716242E-004
  8.063556720146955E-005
  6.238211738528490E-005
  4.647677960199088E-005
  2.427978356058145E-004
  2.103392986190657E-004
  1.802608430763758E-004
  1.512726166750083E-004
  1.239596913784196E-004
  9.966874854041472E-005
  7.702835240380920E-005
  5.731237177047329E-005
  3.122667913134244E-006
  2.713012958911661E-006
  2.306064453718671E-006
  1.930640902741323E-006
  1.574758799712188E-006
  1.240482999265102E-006
  9.527452327396440E-007
  6.942844057624725E-007
  4.618103451966604E-007
  1.573615659355669E-005
  1.372892240544296E-005
  1.173399356897111E-005
  9.889205488703003E-006
  8.132285837092744E-006
  6.484922827189306E-006
  5.046698448570487E-006
  3.736564128898085E-006
  2.578509484093851E-006
  1.244238687992250E-004
  1.083586713589542E-004
  9.238060999391425E-005
  7.764096078690443E-005
  6.360767316875947E-005
  5.047656617182063E-005
  3.902231246634587E-005
  2.868424705513427E-005
  1.935574237639334E-005
  1.996677686107175E-004
  1.737956985057750E-004
  1.480673651656426E-004
  1.243403226143865E-004
  1.017607102705053E-004
  8.063263163420827E-005
  6.223294289102979E-005
  4.565072371817232E-005
  3.067335827277160E-005
  8.210595585469768E-006
  7.174443033053228E-006
  6.174512077180331E-006
  5.185768599206410E-006
  4.276809628334937E-006
  3.414050183312822E-006
  2.621204954343942E-006
  1.949271409907427E-006
  1.317816833196021E-006
  9.780585639626571E-007
  1.164696263669846E-005
  1.017579335421024E-005
  8.756361196289992E-006
  7.352907826439034E-006
  6.062395181037513E-006
  4.838025976335668E-006
  3.712821499661926E-006
  2.759489014636017E-006
  1.862217132359712E-006
  1.388637467557637E-006
  6.402694670505936E-005
  5.602382381054802E-005
  4.829601555880002E-005
  4.064999901443904E-005
  3.362569750450240E-005
  2.694679737020367E-005
  2.079144926780168E-005
  1.555832282544156E-005
  1.070437422025961E-005
  7.627637749312123E-006
  1.798107158355048E-004
  1.572068228131526E-004
  1.353883697491848E-004
  1.138079403653805E-004
  9.397301319887003E-005
  7.513463056904361E-005
  5.780121551925411E-005
  4.309075939730833E-005
  2.933577164946829E-005
  2.142354312131302E-005
  8.254426257470329E-006
  7.231497974050877E-006
  6.272175193006543E-006
  5.350156116676718E-006
  4.434217133334392E-006
  3.593114265595505E-006
  2.801688348523314E-006
  2.096451549115416E-006
  1.499064227659224E-006
  1.004122991598298E-006
  8.073242452600422E-007
  1.172531373521685E-005
  1.027300350743839E-005
  8.911096552033761E-006
  7.602016529021642E-006
  6.301653248603079E-006
  5.107653812782318E-006
  3.983761517191842E-006
  2.981782461161022E-006
  2.133959105661210E-006
  1.426917977165487E-006
  1.149172153843518E-006
  2.233739958206006E-005
  1.958103756914202E-005
  1.699730471551369E-005
  1.451202177915745E-005
  1.204530097780471E-005
  9.780311286234390E-006
  7.645233181983524E-006
  5.733607249610110E-006
  4.125742240157684E-006
  2.732221478469778E-006
  2.218892764043529E-006
  1.176274874890249E-004
  1.030836714750920E-004
  8.944804592527601E-005
  7.633785534790075E-005
  6.331766715166397E-005
  5.136575989388066E-005
  4.010280445621860E-005
  3.004534662697346E-005
  2.156342076288876E-005
  1.434082867302780E-005
  1.160695235775780E-005
  4.618818652133437E-002
  3.640749279890348E-002
  2.778263058818944E-002
  2.054226300717595E-002
  1.465661204487553E-002
  9.913517917482923E-003
  6.372849178753547E-003
  3.783211998252042E-003
  4.964156982099122E-002
  3.913615373876345E-002
  2.993014244127086E-002
  2.222882777042928E-002
  1.582672361082943E-002
  1.078081649760474E-002
  6.935575015206497E-003
  4.051194172967574E-003
  2.158285234036284E-003
  9.866007778280923E-004
  4.264587891959752E-002
  3.350200933595558E-002
  2.546240848059485E-002
  1.868118972953667E-002
  1.323106789019113E-002
  8.842133216604998E-003
  5.537723445733370E-003
  3.199165044739178E-003
  1.590679024619526E-003
  6.867748436279069E-004
  4.379014256526058E-004
  5.529507860360774E-002
  4.342581344689690E-002
  3.333233575486562E-002
  2.465975070187511E-002
  1.749858474718822E-002
  1.187688450702264E-002
  7.481962514169360E-003
  4.346747236671175E-003
  2.275717032035119E-003
  9.664359333540797E-004
  5.386374946754525E-004
 -2.473747942689460E-005
  6.872086620512549E-002
  5.481972319769871E-002
  4.221085118456280E-002
  3.172418539478626E-002
  2.284794380716823E-002
  1.562589521284077E-002
  1.013512619659618E-002
  5.997923684554101E-003
  3.229542834204857E-003
  1.501812093860359E-003
  5.695575215873090E-004
  3.385533007768881E-004
 -6.117715970884001E-004
