  9.580433690000001E-006
  4.112325910000000E-006
  1.854433170000000E-006
  4.750139510000000E-006
  2.490301510000000E-006
  9.921843970000000E-007
  2.688558200000000E-007
  1.154357160000000E-007
  1.057963150000000E-006
  1.294833200000000E-006
  2.914631440000000E-007
  1.743103510000000E-008
  1.617347880000000E-007
 -5.230554350000000E-008
 -8.328495520000001E-008
  5.929799810000000E-006
  6.453656360000000E-006
  5.181588800000000E-006
  4.554721560000000E-006
  5.287618010000000E-006
  2.221900280000000E-006
 -3.262652650000000E-007
  9.385659790000000E-007
  5.363842270000000E-007
  5.277718830000000E-007
  5.623227650000000E-007
  2.894131320000000E-007
 -2.655902050000000E-008
  2.700887220000000E-008
 -2.101787090000000E-007
  1.148970430000000E-005
  7.491613070000000E-006
  9.259087130000000E-006
  4.713740600000000E-006
  1.149493930000000E-006
  3.257267680000000E-006
  3.180388730000000E-006
  8.610323380000000E-007
  2.632477550000000E-006
  1.274856880000000E-006
  8.317257860000000E-007
  3.378050860000000E-007
  2.505950830000000E-007
  3.499382550000000E-007
  5.127386810000000E-011
 -1.404493590000000E-008
  3.113918970000000E-006
  5.062920300000000E-006
  1.047963710000000E-005
  6.901424560000000E-006
  4.783897050000000E-006
  1.970404260000000E-006
  3.233696490000000E-006
  2.615333720000000E-006
  1.981799690000000E-006
  1.376026810000000E-006
  1.612871040000000E-006
  1.143088620000000E-006
  4.171694020000000E-007
  3.880378990000000E-009
 -5.248176950000000E-007
  2.520815880000000E-007
  6.121709640000000E-006
  8.124974850000000E-006
  3.181003960000000E-006
  1.766610160000000E-005
  7.160982070000000E-006
  6.714344150000000E-006
  2.730341120000000E-006
  2.584373090000000E-006
  4.436366640000000E-006
  1.480001930000000E-006
  1.395844780000000E-006
  2.241898870000000E-006
  1.888156970000000E-006
  6.030426960000000E-007
  3.303155390000000E-007
 -1.508141740000000E-007
  3.685798160000000E-007
  1.341273710000000E-005
  8.288913560000000E-006
  8.834327740000001E-006
  7.524226850000000E-006
  4.786565920000000E-006
  6.119154030000000E-006
  3.777658530000000E-006
  5.409229270000000E-006
  4.046638120000000E-006
  2.611286710000000E-006
  2.289533150000000E-006
  2.148148330000000E-006
  1.408297620000000E-006
  9.054402180000000E-007
  9.668104070000000E-007
  3.652291350000000E-007
  6.408245920000000E-009
  2.742332410000000E-005
  1.374764890000000E-005
  1.490972670000000E-005
  9.011597700000000E-006
  7.916215770000000E-006
  6.395519600000000E-006
  6.943441380000000E-006
  1.696075140000000E-006
  5.600484630000000E-006
  2.758137420000000E-006
  3.188301910000000E-006
  1.451712620000000E-006
  1.678390460000000E-006
  9.054516320000000E-007
  1.169088020000000E-006
  1.435145740000000E-007
  3.479564970000000E-007
  4.107268330000000E-005
  2.712321030000000E-005
  2.480296970000000E-005
  2.177900060000000E-005
  1.288699980000000E-005
  1.583221600000000E-005
  6.699440690000000E-006
  9.611591260000000E-006
  6.420318070000000E-006
  5.883282890000000E-006
  5.890190520000000E-006
  3.915609710000000E-006
  3.718380560000000E-006
  1.949325590000000E-006
  1.380134270000000E-006
  9.295400030000000E-007
  3.129922770000000E-007
 -3.889170450000000E-007
  3.999617890000000E-005
  2.877594420000000E-005
  2.550113320000000E-005
  2.632583150000000E-005
  1.879890000000000E-005
  1.363630800000000E-005
  1.325123100000000E-005
  1.243646630000000E-005
  8.589426180000001E-006
  7.913444070000000E-006
  5.389125360000000E-006
  4.440491120000000E-006
  3.403622480000000E-006
  2.202297770000000E-006
  1.453267240000000E-006
  1.919443000000000E-006
  5.173454560000000E-008
  3.904101280000000E-007
  5.651675120000000E-005
  2.893957720000000E-005
  4.070577360000000E-005
  2.744828140000000E-005
  2.484729210000000E-005
  1.758499040000000E-005
  9.458189639999999E-006
  1.897016780000000E-005
  1.831765950000000E-005
  9.911759930000001E-006
  4.860315290000000E-006
  6.364480130000000E-006
  3.527126750000000E-006
  2.539838960000000E-006
  2.094070480000000E-006
  9.756716770000001E-007
 -1.835794120000000E-007
  1.680021610000000E-006
  5.331043610000000E-007
  1.556496130000000E-007
  3.365768130000000E-007
  5.661963530000000E-007
  3.677577640000000E-007
  7.453309050000000E-007
  4.968708679999999E-007
  3.476670100000000E-007
  4.503875900000000E-007
  9.206515810000000E-007
  4.965818500000000E-007
  3.353630160000000E-007
  1.292606720000000E-007
  1.762670810000000E-007
  1.601969860000000E-006
  5.807983670000000E-007
  4.489550560000000E-007
  5.394055760000000E-007
  4.433177560000000E-007
  6.846422090000000E-007
  2.435205540000000E-007
  1.109607260000000E-006
  5.620701910000000E-007
  2.954731130000000E-007
  4.778891829999999E-007
  1.206607270000000E-006
  1.178639690000000E-006
  7.940798900000001E-007
  9.598267800000001E-007
  5.491491280000000E-007
  5.739647890000000E-007
  8.901757290000000E-007
  3.110887900000000E-006
  5.576944870000000E-007
  9.747932400000000E-007
  4.363186230000000E-007
  9.697020350000000E-008
  1.017535040000000E-006
  3.914404290000000E-006
  8.704912660000000E-007
  1.079716060000000E-006
  1.325083180000000E-006
  1.057652660000000E-006
  1.291754880000000E-006
  7.454167220000000E-007
  4.762827950000000E-006
  2.612950430000000E-006
  2.714509090000000E-006
  1.986186550000000E-006
  1.946686600000000E-006
  1.453444470000000E-006
  1.282272830000000E-006
  2.959773900000000E-006
  5.137736000000000E-006
  5.091386030000000E-006
  1.967055700000000E-006
  2.015196350000000E-006
  2.430933990000000E-006
  1.849383750000000E-006
  2.241886860000000E-006
  5.545036880000000E-005
  4.237695570000000E-005
  2.983838780000000E-005
  5.113714790000000E-005
  3.532750790000000E-005
  1.154187590000000E-005
  1.128516490000000E-004
  7.773130960000001E-005
  7.982712810000000E-005
  5.353905610000000E-005
  5.013889070000000E-005
  4.670378480000000E-005
  1.885830190000000E-004
  1.342558350000000E-004
  1.166960160000000E-004
  1.075416740000000E-004
  8.907903610000000E-005
  8.313680630000000E-005
  1.928258590000000E-004
  1.536278920000000E-004
  1.125897830000000E-004
  1.145309800000000E-004
  7.890081470000000E-005
  5.572378440000000E-005
  4.866066640000000E-005
  5.591785390000000E-006
  5.261758050000000E-006
  2.582534040000000E-005
  2.067271070000000E-005
  2.089040660000000E-005
  1.364000020000000E-005
  2.482501500000000E-005
  7.497794060000000E-005
  5.273650870000000E-005
  5.317203600000000E-005
  3.807220860000000E-005
  2.664304430000000E-005
  2.697504810000000E-005
  3.497922250000000E-005
  3.513756270000000E-005
  1.743706810000000E-004
  1.608614320000000E-004
  1.350420090000000E-004
  1.149607160000000E-004
  1.185251350000000E-004
  8.279409050000000E-005
  7.430328940000000E-005
  6.618393550000000E-005
  2.257254360000000E-004
  1.607150060000000E-004
  1.745483000000000E-004
  1.687685390000000E-004
  1.303006990000000E-004
  1.041677590000000E-004
  9.136466400000000E-005
  6.137817290000000E-005
  2.523202840000000E-005
  3.096965050000000E-005
  1.952608390000000E-005
  3.624684150000000E-005
  2.806271470000000E-005
  1.768653520000000E-005
  1.379610590000000E-005
  4.824530630000000E-006
  7.622586770000000E-006
  1.041936520000000E-006
  6.620932180000000E-006
  1.010935260000000E-005
 -3.352696740000000E-006
  4.184037210000000E-006
  6.091811460000000E-006
 -1.363174150000000E-005
 -1.092605710000000E-005
 -1.557929150000000E-005
  1.202007090000000E-004
  1.089325120000000E-004
  8.420317720000000E-005
  7.949779160000000E-005
  6.098069740000000E-005
  5.789437760000000E-005
  4.379652510000000E-005
  3.291131980000000E-005
  2.193537650000000E-005
  1.376291040000000E-004
  1.437954640000000E-004
  1.339557590000000E-004
  1.080845780000000E-004
  9.244646330000000E-005
  8.424209160000000E-005
  8.432739150000000E-005
  4.765215450000000E-005
  2.453902370000000E-005
  3.667953340000000E-005
  4.283104670000000E-005
  7.147415250000000E-006
 -1.125157760000000E-007
  1.113475800000000E-005
 -2.894338970000000E-006
 -6.531521700000000E-006
  1.158253330000000E-005
  4.990311260000000E-006
 -3.830796850000000E-006
  3.248626160000000E-005
  4.697697160000000E-005
  1.205303560000000E-005
 -2.542663280000000E-006
 -8.086448580000000E-007
  7.248174560000000E-006
  3.583433890000000E-005
  6.445591470000000E-006
  8.938102440000000E-006
  1.148606590000000E-005
  5.799820940000000E-005
  4.648833440000000E-005
  3.746417280000000E-005
  2.278508620000000E-005
  2.133673640000000E-005
  4.809855650000000E-005
  4.727208210000000E-005
  3.170949500000000E-005
  3.102552630000000E-005
  1.734339650000000E-005
  1.860141560000000E-004
  1.434552570000000E-004
  9.992946009999999E-005
  1.220485770000000E-004
  8.671656300000000E-005
  1.052880340000000E-004
  7.321004070000000E-005
  5.817008770000000E-005
  5.881867580000000E-005
  3.154020760000000E-005
 -5.118202810000000E-005
  7.255636790000000E-005
  2.915714590000000E-005
  4.548637140000000E-005
  3.104661850000000E-006
  1.447492610000000E-005
  1.241363880000000E-005
  1.658170410000000E-005
  1.393479410000000E-005
  8.640101150000001E-006
 -8.506802960000000E-007
 -1.369241520000000E-005
 -2.398201440000000E-005
  6.617596830000001E-005
  1.571893560000000E-006
 -3.805618530000000E-005
 -2.194554730000000E-005
  2.110654490000000E-006
 -3.380365720000000E-006
 -4.770538020000000E-006
 -1.112221650000000E-006
 -2.838602110000000E-006
 -1.320930530000000E-005
  6.730058640000001E-005
  6.633686880000000E-005
  1.555861900000000E-005
 -5.819045790000000E-007
  4.822631690000000E-007
  2.606716770000000E-005
  8.667908770000001E-007
 -1.375107980000000E-007
  1.166591180000000E-005
  1.061362470000000E-005
  2.141013530000000E-005
  1.104389080000000E-004
  4.873998820000000E-005
  9.715859840000000E-005
  6.427936870000000E-005
  6.000597350000000E-005
  3.112177100000000E-005
  2.571395140000000E-005
 -1.319916350000000E-006
  1.815428220000000E-005
 -3.369951920000000E-006
  4.189734070000000E-002
  3.200399250000000E-002
  2.221428230000000E-002
  1.981427400000000E-002
  1.659718500000000E-002
  1.203864190000000E-002
  7.736824530000000E-003
  6.101246350000000E-003
  4.976706340000000E-002
  4.165083020000000E-002
  3.360839720000000E-002
  2.601017080000000E-002
  1.859679180000000E-002
  1.352062510000000E-002
  1.013281780000000E-002
  6.937070970000000E-003
  3.705468150000000E-003
  1.135104570000000E-003
  4.425523430000000E-002
  3.602428620000000E-002
  2.859954850000000E-002
  2.052240480000000E-002
  1.524012980000000E-002
  1.148051330000000E-002
  8.025141669999999E-003
  4.370398400000000E-003
  1.776493380000000E-003
  2.100926000000000E-003
  1.680877530000000E-003
  5.768095520000000E-002
  4.532277610000000E-002
  3.692077360000000E-002
  2.821367040000000E-002
  2.036303300000000E-002
  1.461862810000000E-002
  1.054356720000000E-002
  7.467645060000000E-003
  4.862894560000000E-003
  3.154261770000000E-003
  5.390720550000000E-004
 -8.347721860000000E-004
  6.454806530000000E-002
  5.466558840000000E-002
  3.905376140000000E-002
  3.194995020000000E-002
  2.113907010000000E-002
  1.691116300000000E-002
  1.359004510000000E-002
  6.227668120000000E-003
  2.746005380000000E-003
 -1.377059710000000E-003
  2.046978660000000E-004
  1.560881230000000E-003
 -8.354981830000000E-004
