           1           1           1           6
           1           1           1           7
           1           1           1           8
           1           1           1           9
           1           1           1          10
           1           1           1          11
           1           1           1          12
           1           1           1          13
           1           1           1          14
           1           1           1          15
           1           1           1          16
           1           1           1          17
           1           1           1          18
           1           1           1          19
           1           1           1          20
           1           1           2           6
           1           1           2           7
           1           1           2           8
           1           1           2           9
           1           1           2          10
           1           1           2          11
           1           1           2          12
           1           1           2          13
           1           1           2          14
           1           1           2          15
           1           1           2          16
           1           1           2          17
           1           1           2          18
           1           1           2          19
           1           1           2          20
           1           1           3           5
           1           1           3           6
           1           1           3           7
           1           1           3           8
           1           1           3           9
           1           1           3          10
           1           1           3          11
           1           1           3          12
           1           1           3          13
           1           1           3          14
           1           1           3          15
           1           1           3          16
           1           1           3          17
           1           1           3          18
           1           1           3          19
           1           1           3          20
           1           1           4           5
           1           1           4           6
           1           1           4           7
           1           1           4           8
           1           1           4           9
           1           1           4          10
           1           1           4          11
           1           1           4          12
           1           1           4          13
           1           1           4          14
           1           1           4          15
           1           1           4          16
           1           1           4          17
           1           1           4          18
           1           1           4          19
           1           1           4          20
           1           2           2           4
           1           2           2           5
           1           2           2           6
           1           2           2           7
           1           2           2           8
           1           2           2           9
           1           2           2          10
           1           2           2          11
           1           2           2          12
           1           2           2          13
           1           2           2          14
           1           2           2          15
           1           2           2          16
           1           2           2          17
           1           2           2          18
           1           2           2          19
           1           2           2          20
           1           2           3           4
           1           2           3           5
           1           2           3           6
           1           2           3           7
           1           2           3           8
           1           2           3           9
           1           2           3          10
           1           2           3          11
           1           2           3          12
           1           2           3          13
           1           2           3          14
           1           2           3          15
           1           2           3          16
           1           2           3          17
           1           2           3          18
           1           2           3          19
           1           2           3          20
           1           2           4           4
           1           2           4           5
           1           2           4           6
           1           2           4           7
           1           2           4           8
           1           2           4           9
           1           2           4          10
           1           2           4          11
           1           2           4          12
           1           2           4          13
           1           2           4          14
           1           2           4          15
           1           2           4          16
           1           2           4          17
           1           2           4          18
           1           2           4          19
           1           2           4          20
           1           3           3           3
           1           3           3           4
           1           3           3           5
           1           3           3           6
           1           3           3           7
           1           3           3           8
           1           3           3           9
           1           3           3          10
           1           3           3          11
           1           3           3          12
           1           3           3          13
           1           3           3          14
           1           3           3          15
           1           3           3          16
           1           3           3          17
           1           3           3          18
           1           3           3          19
           1           3           3          20
           1           3           4           3
           1           3           4           4
           1           3           4           5
           1           3           4           6
           1           3           4           7
           1           3           4           8
           1           3           4           9
           1           3           4          10
           1           3           4          11
           1           3           4          12
           1           3           4          13
           1           3           4          14
           1           3           4          15
           1           3           4          16
           1           3           4          17
           1           3           4          18
           1           3           4          19
           1           3           4          20
           1           4           4           3
           1           4           4           4
           1           4           4           5
           1           4           4           6
           1           4           4           7
           1           4           4           8
           1           4           4           9
           1           4           4          10
           1           4           4          11
           1           4           4          12
           1           4           4          13
           1           4           4          14
           1           4           4          15
           1           4           4          16
           1           4           4          17
           1           4           4          18
           1           4           4          19
           1           4           4          20
           2           1           1          17
           2           1           1          18
           2           1           1          19
           2           1           1          20
           2           1           2          16
           2           1           2          17
           2           1           2          18
           2           1           2          19
           2           1           2          20
           2           1           3          16
           2           1           3          17
           2           1           3          18
           2           1           3          19
           2           1           3          20
           2           1           4          16
           2           1           4          17
           2           1           4          18
           2           1           4          19
           2           1           4          20
           2           2           2          15
           2           2           2          16
           2           2           2          17
           2           2           2          18
           2           2           2          19
           2           2           2          20
           2           2           3          15
           2           2           3          16
           2           2           3          17
           2           2           3          18
           2           2           3          19
           2           2           3          20
           2           2           4          14
           2           2           4          15
           2           2           4          16
           2           2           4          17
           2           2           4          18
           2           2           4          19
           2           2           4          20
           2           3           3          14
           2           3           3          15
           2           3           3          16
           2           3           3          17
           2           3           3          18
           2           3           3          19
           2           3           3          20
           2           3           4          14
           2           3           4          15
           2           3           4          16
           2           3           4          17
           2           3           4          18
           2           3           4          19
           2           3           4          20
           2           4           4          13
           2           4           4          14
           2           4           4          15
           2           4           4          16
           2           4           4          17
           2           4           4          18
           2           4           4          19
           2           4           4          20
           3           1           1          15
           3           1           1          16
           3           1           1          17
           3           1           1          18
           3           1           1          19
           3           1           1          20
           3           1           2          15
           3           1           2          16
           3           1           2          17
           3           1           2          18
           3           1           2          19
           3           1           2          20
           3           1           3          15
           3           1           3          16
           3           1           3          17
           3           1           3          18
           3           1           3          19
           3           1           3          20
           3           1           4          15
           3           1           4          16
           3           1           4          17
           3           1           4          18
           3           1           4          19
           3           1           4          20
           3           2           1          13
           3           2           1          14
           3           2           1          15
           3           2           1          16
           3           2           1          17
           3           2           1          18
           3           2           1          19
           3           2           1          20
           3           2           2          13
           3           2           2          14
           3           2           2          15
           3           2           2          16
           3           2           2          17
           3           2           2          18
           3           2           2          19
           3           2           2          20
           3           2           3          13
           3           2           3          14
           3           2           3          15
           3           2           3          16
           3           2           3          17
           3           2           3          18
           3           2           3          19
           3           2           3          20
           3           2           4          13
           3           2           4          14
           3           2           4          15
           3           2           4          16
           3           2           4          17
           3           2           4          18
           3           2           4          19
           3           2           4          20
           3           3           1          12
           3           3           1          13
           3           3           1          14
           3           3           1          15
           3           3           1          16
           3           3           1          17
           3           3           1          18
           3           3           1          19
           3           3           1          20
           3           3           2          12
           3           3           2          13
           3           3           2          14
           3           3           2          15
           3           3           2          16
           3           3           2          17
           3           3           2          18
           3           3           2          19
           3           3           2          20
           3           3           3          12
           3           3           3          13
           3           3           3          14
           3           3           3          15
           3           3           3          16
           3           3           3          17
           3           3           3          18
           3           3           3          19
           3           3           3          20
           3           3           4          12
           3           3           4          13
           3           3           4          14
           3           3           4          15
           3           3           4          16
           3           3           4          17
           3           3           4          18
           3           3           4          19
           3           3           4          20
           3           4           1          11
           3           4           1          12
           3           4           1          13
           3           4           1          14
           3           4           1          15
           3           4           1          16
           3           4           1          17
           3           4           1          18
           3           4           1          19
           3           4           1          20
           3           4           2          11
           3           4           2          12
           3           4           2          13
           3           4           2          14
           3           4           2          15
           3           4           2          16
           3           4           2          17
           3           4           2          18
           3           4           2          19
           3           4           2          20
           3           4           3          11
           3           4           3          12
           3           4           3          13
           3           4           3          14
           3           4           3          15
           3           4           3          16
           3           4           3          17
           3           4           3          18
           3           4           3          19
           3           4           3          20
           3           4           4          11
           3           4           4          12
           3           4           4          13
           3           4           4          14
           3           4           4          15
           3           4           4          16
           3           4           4          17
           3           4           4          18
           3           4           4          19
           3           4           4          20
           3           5           1          10
           3           5           1          11
           3           5           1          12
           3           5           1          13
           3           5           1          14
           3           5           1          15
           3           5           1          16
           3           5           1          17
           3           5           1          18
           3           5           1          19
           3           5           1          20
           3           5           2          10
           3           5           2          11
           3           5           2          12
           3           5           2          13
           3           5           2          14
           3           5           2          15
           3           5           2          16
           3           5           2          17
           3           5           2          18
           3           5           2          19
           3           5           2          20
           3           5           3          10
           3           5           3          11
           3           5           3          12
           3           5           3          13
           3           5           3          14
           3           5           3          15
           3           5           3          16
           3           5           3          17
           3           5           3          18
           3           5           3          19
           3           5           3          20
           3           5           4          10
           3           5           4          11
           3           5           4          12
           3           5           4          13
           3           5           4          14
           3           5           4          15
           3           5           4          16
           3           5           4          17
           3           5           4          18
           3           5           4          19
           3           5           4          20
           4           1           1          13
           4           1           1          14
           4           1           1          15
           4           1           1          16
           4           1           1          17
           4           1           1          18
           4           1           1          19
           4           1           1          20
           4           2           2          11
           4           2           2          12
           4           2           2          13
           4           2           2          14
           4           2           2          15
           4           2           2          16
           4           2           2          17
           4           2           2          18
           4           2           2          19
           4           2           2          20
           4           3           3          10
           4           3           3          11
           4           3           3          12
           4           3           3          13
           4           3           3          14
           4           3           3          15
           4           3           3          16
           4           3           3          17
           4           3           3          18
           4           3           3          19
           4           3           3          20
           4           4           4           9
           4           4           4          10
           4           4           4          11
           4           4           4          12
           4           4           4          13
           4           4           4          14
           4           4           4          15
           4           4           4          16
           4           4           4          17
           4           4           4          18
           4           4           4          19
           4           4           4          20
           4           5           5           8
           4           5           5           9
           4           5           5          10
           4           5           5          11
           4           5           5          12
           4           5           5          13
           4           5           5          14
           4           5           5          15
           4           5           5          16
           4           5           5          17
           4           5           5          18
           4           5           5          19
           4           5           5          20
