  4.809005859336174E-006
  3.883340203944756E-006
  3.138796841601874E-006
  2.553236820490764E-006
  2.089249970217305E-006
  1.722481643082964E-006
  1.422821017684444E-006
  1.172158256770584E-006
  9.592455482123462E-007
  7.737895824923452E-007
  6.140348294566964E-007
  4.775539713181675E-007
  3.610584252767397E-007
  2.663170463748453E-007
  1.899068342839188E-007
  6.230676293141416E-006
  5.039709475491947E-006
  4.090492458860972E-006
  3.346511177067095E-006
  2.752696745305550E-006
  2.277481162266435E-006
  1.882232575289545E-006
  1.546451235094704E-006
  1.258608346918012E-006
  1.006984094197453E-006
  7.909659296309916E-007
  6.078184679597401E-007
  4.528969278367748E-007
  3.286623573001157E-007
  2.299844603987620E-007
  9.710840791264476E-006
  7.837053214686150E-006
  6.345166993372746E-006
  5.165064192083206E-006
  4.243096804361010E-006
  3.503910368338793E-006
  2.907280787562437E-006
  2.404934252002319E-006
  1.973545453807788E-006
  1.601220088040158E-006
  1.274754150689502E-006
  9.948441619059775E-007
  7.584556633044044E-007
  5.594498891973181E-007
  4.012622924509334E-007
  2.766779800265603E-007
  1.027428384769508E-005
  8.295808071407427E-006
  6.722482354895900E-006
  5.477200242933898E-006
  4.502795836671999E-006
  3.718481127364695E-006
  3.083373945400446E-006
  2.546775671524209E-006
  2.085212153605960E-006
  1.687092271728881E-006
  1.338649154831662E-006
  1.040984575533038E-006
  7.907017768802979E-007
  5.809229319669906E-007
  4.151974217974603E-007
  2.842275559320508E-007
  1.385548611128784E-005
  1.125986924387407E-005
  9.119772033353425E-006
  7.424533489663143E-006
  6.077865225693395E-006
  5.014999366542082E-006
  4.147100668737075E-006
  3.435518392075744E-006
  2.828072153072564E-006
  2.303302550670976E-006
  1.851332889823514E-006
  1.457361682699323E-006
  1.123141711404959E-006
  8.445128060432388E-007
  6.130602961506437E-007
  4.324577166960031E-007
  2.932149010370558E-007
  1.944737511940643E-005
  1.579908699273306E-005
  1.282737172991112E-005
  1.049714584033980E-005
  8.646378362758571E-006
  7.174719723689721E-006
  5.951502712630739E-006
  4.931486031212841E-006
  4.046439622483368E-006
  3.274693422010262E-006
  2.608952500467569E-006
  2.030277129148313E-006
  1.543307659651155E-006
  1.141778658257280E-006
  8.122726672526623E-007
  5.601387231873920E-007
  3.697495683729819E-007
  2.106291945538196E-005
  1.712009895091744E-005
  1.391504542574252E-005
  1.140573510464638E-005
  9.409554076455558E-006
  7.816925358057501E-006
  6.485441585416197E-006
  5.370196119320385E-006
  4.398885279746398E-006
  3.550712798076922E-006
  2.819722244783689E-006
  2.185625412651205E-006
  1.653903629693574E-006
  1.217343912825149E-006
  8.607467199662251E-007
  5.897296948679973E-007
  3.853233675475310E-007
  4.068972605902824E-005
  3.307437889715490E-005
  2.707653207815637E-005
  2.220810926965027E-005
  1.838052330422302E-005
  1.527088774830395E-005
  1.272555213053015E-005
  1.053043489868133E-005
  8.658025008035968E-006
  7.008857108683774E-006
  5.569689114294064E-006
  4.342182374302943E-006
  3.291158852871049E-006
  2.427007613404244E-006
  1.734897135137591E-006
  1.184079102504160E-006
  7.818565172552432E-007
  4.973860092724959E-007
  4.707054460891451E-005
  3.831584959797164E-005
  3.146570206930757E-005
  2.589631999007693E-005
  2.150215855926344E-005
  1.789936697245463E-005
  1.492206462836778E-005
  1.232810853117326E-005
  1.010459846758246E-005
  8.141569589192681E-006
  6.430923298442217E-006
  4.978264324851516E-006
  3.740774781790365E-006
  2.730968177271920E-006
  1.929867763379692E-006
  1.298654108565928E-006
  8.455565012696126E-007
  5.321429830394290E-007
  5.899325511026587E-005
  4.825795483206636E-005
  3.989745383347553E-005
  3.301907324442876E-005
  2.752336458395104E-005
  2.293074915418568E-005
  1.907699150493288E-005
  1.567405642120035E-005
  1.274885924937448E-005
  1.016866244731244E-005
  7.934154588876462E-006
  6.056867374639627E-006
  4.476030842224888E-006
  3.207084918517981E-006
  2.220348105988923E-006
  1.458947997339717E-006
  9.338795515384833E-007
  5.681132122261994E-007
  3.601208588184110E-007
  3.023149868942959E-007
  2.566949685130882E-007
  2.181571492769842E-007
  5.674933577225291E-007
  4.774255350775438E-007
  4.030065051857381E-007
  3.433508297013242E-007
  2.919408193712763E-007
  7.207019428635717E-007
  6.094648051801849E-007
  5.164964451776344E-007
  4.413155819036953E-007
  3.754184555618612E-007
  7.675020252642937E-007
  6.497343959456404E-007
  5.506395718625976E-007
  4.700228984263608E-007
  3.986189932549756E-007
  1.020362565821966E-006
  8.582874793364130E-007
  7.293236555179884E-007
  6.189115565042622E-007
  5.279644000762899E-007
  4.473472094221437E-007
  1.456910819132185E-006
  1.235276371908144E-006
  1.056177904751736E-006
  8.989781238954029E-007
  7.672871937435084E-007
  6.483806150755045E-007
  1.891725155787055E-006
  1.588746546493891E-006
  1.349799402325787E-006
  1.155510780689029E-006
  9.836859225316965E-007
  8.388640769865541E-007
  7.073561809045791E-007
  3.067854460897002E-006
  2.607003227321379E-006
  2.233259341991150E-006
  1.919097027573768E-006
  1.630619983833616E-006
  1.382103344979633E-006
  1.154916696347147E-006
  3.598419926677373E-006
  3.069338724542360E-006
  2.635422704339903E-006
  2.266237891064039E-006
  1.923028585948934E-006
  1.625945815054059E-006
  1.352028385247833E-006
  5.418741982813749E-006
  4.639455359371674E-006
  3.976022589288096E-006
  3.419920198715940E-006
  2.936753427077666E-006
  2.479990171050130E-006
  2.082450066264234E-006
  1.704334669739152E-006
  6.377761183150047E-005
  5.515707802158142E-005
  4.700508814420835E-005
  3.957961885655366E-005
  3.246058903808833E-005
  2.600975980389074E-005
  1.109624513819403E-004
  9.582853663915239E-005
  8.147514867672332E-005
  6.841670673207265E-005
  5.592293174854058E-005
  4.462245689323973E-005
  1.669158777967396E-004
  1.440370219686743E-004
  1.223062149925571E-004
  1.025501853533836E-004
  8.366858930508813E-005
  6.660780508978440E-005
  1.815911159559504E-004
  1.566686020059159E-004
  1.329887307271704E-004
  1.114649105943399E-004
  9.089924289088355E-005
  7.232144581131263E-005
  1.436890486279095E-005
  1.253765338949278E-005
  1.085328635979369E-005
  9.218886683835869E-006
  7.664699979637278E-006
  6.276566386974049E-006
  4.961368931854814E-006
  3.794974060588640E-006
  7.526052374571290E-005
  6.535943328300464E-005
  5.619141455998217E-005
  4.733707245757058E-005
  3.897103513881147E-005
  3.151088216220287E-005
  2.451981400048423E-005
  1.840025083491332E-005
  1.798381058195617E-004
  1.559530830166997E-004
  1.338084511446578E-004
  1.124520813232704E-004
  9.230318864317096E-005
  7.434929455884390E-005
  5.758045214420261E-005
  4.294542749081802E-005
  2.181678289578299E-004
  1.891398372672070E-004
  1.622208079953296E-004
  1.362670573318618E-004
  1.117871608082610E-004
  8.997765588403165E-005
  6.962013333515210E-005
  5.186261977136524E-005
 -4.732785821063174E-006
 -4.131766607750036E-006
 -3.532894802401439E-006
 -2.980496059941848E-006
 -2.451857617860311E-006
 -1.958147354918165E-006
 -1.521461644585467E-006
 -1.126523861541810E-006
 -7.664057675913602E-007
  4.015910007885475E-006
  3.554103063542888E-006
  3.096791743336509E-006
  2.667281184797869E-006
  2.253960785868398E-006
  1.864384262373493E-006
  1.513358512321062E-006
  1.171464169071272E-006
  9.062287728515108E-007
  1.282877897023455E-004
  1.118360312485198E-004
  9.546489811599338E-005
  8.034867751939285E-005
  6.593200554152631E-005
  5.241700565025236E-005
  4.059812186698005E-005
  2.991457224294202E-005
  2.026965608443507E-005
  1.982572731659895E-004
  1.727395633059133E-004
  1.473502630490547E-004
  1.239143117799102E-004
  1.015711763514020E-004
  8.062633269521950E-005
  6.234191711394837E-005
  4.583687913028818E-005
  3.093182624995115E-005
  5.501423468097751E-006
  4.806886446359706E-006
  4.136319856958052E-006
  3.472745163240464E-006
  2.861450460500707E-006
  2.280487972450000E-006
  1.747200433186928E-006
  1.295430849821464E-006
  8.672510351654976E-007
  6.637061157284662E-007
  9.685606688316932E-007
  8.314884210520302E-007
  7.002743185959179E-007
  5.713016105081275E-007
  4.506850485860438E-007
  3.393386746141160E-007
  2.395352913736388E-007
  1.593531132018915E-007
  7.123915016989661E-008
  1.176361570057684E-007
  3.799711641952204E-005
  3.330837142751978E-005
  2.877494875335843E-005
  2.428315602292670E-005
  2.015668876791352E-005
  1.621355153730945E-005
  1.257345802666312E-005
  9.458695999299780E-006
  6.593321468149062E-006
  4.589644926273388E-006
  1.519844007199635E-004
  1.329634438972898E-004
  1.145898628610342E-004
  9.640018011087604E-005
  7.965538840328682E-005
  6.371676506435243E-005
  4.904502227756699E-005
  3.657266063068316E-005
  2.487752443871530E-005
  1.835266823063216E-005
  6.916700813913653E-006
  6.062586424396679E-006
  5.260754917730907E-006
  4.489063517774398E-006
  3.721344984755859E-006
  3.014047528925559E-006
  2.349378147304445E-006
  1.757249814357375E-006
  1.251490272288633E-006
  8.513930621793087E-007
  6.757703521685037E-007
  8.279766760322181E-006
  7.257151216920975E-006
  6.297178647541674E-006
  5.373326799977297E-006
  4.454077973275283E-006
  3.607376782734809E-006
  2.811447073792064E-006
  2.102701091880347E-006
  1.497474784088143E-006
  1.018437844902636E-006
  8.087754445489655E-007
 -7.509543494251081E-006
 -6.576667902894573E-006
 -5.700187091675973E-006
 -4.857769429272758E-006
 -4.018413878681052E-006
 -3.245223832760356E-006
 -2.519996902919598E-006
 -1.878843076752747E-006
 -1.326330686212284E-006
 -9.157134522353560E-007
 -7.177727624084010E-007
  8.024708871587711E-005
  7.037996401742261E-005
  6.112248335167677E-005
  5.221058297965407E-005
  4.334476003931784E-005
  3.518805022329335E-005
  2.749057753452012E-005
  2.061551143634936E-005
  1.479899841366001E-005
  9.906939909561113E-006
  7.986113067488623E-006
  3.998769326434082E-002
  3.149638571148182E-002
  2.401889403488471E-002
  1.774914732280930E-002
  1.265583344612116E-002
  8.552466979934972E-003
  5.489942890471141E-003
  3.254099405050530E-003
  3.912472266908068E-002
  3.087060483025084E-002
  2.363483124150002E-002
  1.757685096561234E-002
  1.253558096064925E-002
  8.555353250505717E-003
  5.516769168584382E-003
  3.234777463019754E-003
  1.733326569714650E-003
  8.017031080655379E-004
  4.119219696510110E-002
  3.240671512172802E-002
  2.467463667106685E-002
  1.814319336084316E-002
  1.288248006816910E-002
  8.637100102647871E-003
  5.432714934476221E-003
  3.157497544291087E-003
  1.587430739650991E-003
  6.982496752221817E-004
  4.380162781951039E-004
  4.322421900349090E-002
  3.395395724929771E-002
  2.607100880121568E-002
  1.929665604024082E-002
  1.369843395713764E-002
  9.299349591618142E-003
  5.861068616333414E-003
  3.408661128620384E-003
  1.790206002669543E-003
  7.677692844387581E-004
  4.438559268336433E-004
 -4.369591479182905E-005
  5.737538202051902E-002
  4.576487434670794E-002
  3.523855297499338E-002
  2.648292165565595E-002
  1.906986863972065E-002
  1.303685662323702E-002
  8.447190283334174E-003
  5.002094848658744E-003
  2.691951476089820E-003
  1.254855122166590E-003
  5.025155401445088E-004
  2.452573016525673E-004
 -5.102932758197394E-004
